{
 "cells": [
  {
   "cell_type": "markdown",
   "id": "compact-birmingham",
   "metadata": {},
   "source": [
    "### numpy doc : https://numpy.org/doc/stable/reference/random/generated/numpy.random.rand.html?highlight=random%20rand#numpy.random.rand"
   ]
  },
  {
   "cell_type": "code",
   "execution_count": 1,
   "id": "front-carry",
   "metadata": {},
   "outputs": [],
   "source": [
    "import numpy as np"
   ]
  },
  {
   "cell_type": "markdown",
   "id": "metallic-technology",
   "metadata": {},
   "source": [
    "# 1. 정규분포를 따르는 임의의 값을 가지는 행렬 x1 = (100,10)을 만드세요."
   ]
  },
  {
   "cell_type": "code",
   "execution_count": 2,
   "id": "loving-longer",
   "metadata": {},
   "outputs": [
    {
     "name": "stdout",
     "output_type": "stream",
     "text": [
      "(100, 10)\n",
      "[[0.96244888 0.26741386 0.42800283 0.98009526 0.38547991 0.46749851\n",
      "  0.38171706 0.4909486  0.96666671 0.5108026 ]\n",
      " [0.02048739 0.02499218 0.39022086 0.65771138 0.45016461 0.47981987\n",
      "  0.10928059 0.86176382 0.91224032 0.12087054]\n",
      " [0.95634475 0.81558637 0.49831615 0.84715944 0.43452581 0.66052955\n",
      "  0.83626856 0.67568716 0.53483913 0.84082018]\n",
      " [0.34245209 0.06842289 0.3087929  0.40424532 0.66065733 0.762142\n",
      "  0.938661   0.59729186 0.93263859 0.26094347]\n",
      " [0.91752185 0.94157644 0.11405091 0.77605818 0.40856243 0.81482258\n",
      "  0.94987399 0.13950481 0.5370239  0.01609167]\n",
      " [0.99985687 0.27590334 0.20385494 0.25011469 0.90188061 0.47875078\n",
      "  0.37647903 0.88835066 0.89054097 0.54861611]\n",
      " [0.91782624 0.69846308 0.26030146 0.92422333 0.297363   0.26726401\n",
      "  0.48976285 0.09073745 0.37010234 0.28551341]\n",
      " [0.91800782 0.79148867 0.45088229 0.69172024 0.69282208 0.61428368\n",
      "  0.64368137 0.72624479 0.27235124 0.83127483]\n",
      " [0.68549666 0.17801595 0.14899615 0.03204243 0.03596596 0.21331589\n",
      "  0.02113986 0.49109077 0.19404761 0.72931225]\n",
      " [0.34261509 0.6740941  0.87491734 0.05372012 0.22763921 0.29082928\n",
      "  0.90383749 0.93322477 0.33301269 0.85069193]\n",
      " [0.47193726 0.86069343 0.60676547 0.35562847 0.25648609 0.80375844\n",
      "  0.87752787 0.24722675 0.67545144 0.30936979]\n",
      " [0.85983763 0.00433675 0.10645345 0.23171284 0.14826751 0.07832944\n",
      "  0.60885202 0.75865736 0.751574   0.8887295 ]\n",
      " [0.269546   0.84960087 0.3029079  0.30550055 0.74361495 0.29178201\n",
      "  0.21697023 0.10392278 0.81683097 0.84219358]\n",
      " [0.31021264 0.88111769 0.41718514 0.46407728 0.49933853 0.42224772\n",
      "  0.44860241 0.35551809 0.78575617 0.85899652]\n",
      " [0.02318429 0.70647354 0.63488202 0.0849607  0.42497822 0.14343864\n",
      "  0.5412645  0.25602306 0.88806795 0.08049507]\n",
      " [0.21780807 0.96883945 0.47892804 0.68353934 0.04323695 0.62740235\n",
      "  0.43338533 0.72963445 0.07859405 0.90949474]\n",
      " [0.3808335  0.90158621 0.18087276 0.15315179 0.56334631 0.72860264\n",
      "  0.54354813 0.79350288 0.81646209 0.361776  ]\n",
      " [0.98517928 0.51268348 0.08068684 0.8680694  0.19204499 0.44964142\n",
      "  0.94839061 0.20127502 0.83957817 0.82849782]\n",
      " [0.56631086 0.61843247 0.13795059 0.77886005 0.6582149  0.2670614\n",
      "  0.91445782 0.65969067 0.23685597 0.08743178]\n",
      " [0.40099174 0.72544178 0.63944056 0.83128348 0.89632328 0.51074349\n",
      "  0.97207956 0.43148786 0.670926   0.12281556]\n",
      " [0.45669397 0.55937692 0.09512295 0.72295907 0.35004103 0.02720786\n",
      "  0.26319637 0.58008111 0.51299898 0.86959263]\n",
      " [0.81785173 0.20102273 0.59585507 0.73851713 0.306269   0.81821595\n",
      "  0.84779456 0.50621191 0.64050894 0.8093443 ]\n",
      " [0.82765359 0.16759587 0.43552721 0.57802037 0.69638439 0.45545516\n",
      "  0.33401815 0.41268948 0.45332222 0.32407339]\n",
      " [0.15009056 0.34523547 0.15632329 0.45615251 0.69108984 0.57807423\n",
      "  0.41725594 0.42665129 0.5006731  0.38735485]\n",
      " [0.91339904 0.08438101 0.18899889 0.04446918 0.10107481 0.63178763\n",
      "  0.3852556  0.44342672 0.87791992 0.40585368]\n",
      " [0.5385544  0.61463743 0.76986178 0.46822861 0.30834773 0.34119054\n",
      "  0.83972974 0.43412711 0.04958242 0.70380695]\n",
      " [0.21572543 0.58291928 0.72399496 0.79089289 0.64223086 0.27460046\n",
      "  0.30574645 0.99632462 0.97113613 0.6145937 ]\n",
      " [0.95088174 0.79971235 0.11195463 0.25070041 0.92749278 0.55348988\n",
      "  0.37907409 0.70706779 0.01811215 0.37695326]\n",
      " [0.06636332 0.9733201  0.07471909 0.95039418 0.4043765  0.68680019\n",
      "  0.4098962  0.48402452 0.64619771 0.09856577]\n",
      " [0.4492743  0.61589647 0.60431957 0.61782991 0.70108163 0.04243069\n",
      "  0.78373024 0.07809434 0.58280508 0.85507034]\n",
      " [0.50909397 0.09552545 0.71210986 0.05834623 0.71188766 0.82175408\n",
      "  0.23470909 0.38850228 0.47646703 0.72912081]\n",
      " [0.16689659 0.70550946 0.71487769 0.37199476 0.64280892 0.90079641\n",
      "  0.10376267 0.04130104 0.32557925 0.84086163]\n",
      " [0.91585321 0.77036216 0.37818364 0.66120152 0.10517987 0.27922487\n",
      "  0.43387159 0.54929051 0.14925313 0.48048623]\n",
      " [0.54322056 0.12799686 0.9556036  0.91825886 0.74215335 0.27961107\n",
      "  0.3773938  0.84434867 0.91948536 0.6788984 ]\n",
      " [0.53907102 0.48699729 0.21764388 0.7920429  0.58402457 0.88327181\n",
      "  0.97193959 0.21905786 0.70107593 0.67338693]\n",
      " [0.85008877 0.03774471 0.13017244 0.6212975  0.75348576 0.82232962\n",
      "  0.08075545 0.15224094 0.81020781 0.92524683]\n",
      " [0.02979916 0.88559532 0.36704846 0.07249724 0.57204307 0.91353525\n",
      "  0.48964049 0.08972586 0.17481364 0.16315238]\n",
      " [0.14889364 0.35313236 0.54303021 0.27986033 0.11306884 0.36300042\n",
      "  0.51311939 0.22872853 0.61331796 0.04974172]\n",
      " [0.81859953 0.73539948 0.31967385 0.55778326 0.55859928 0.92114086\n",
      "  0.82247805 0.85148143 0.28368522 0.30985421]\n",
      " [0.89769891 0.42415468 0.32343083 0.02126196 0.805835   0.60842095\n",
      "  0.44396133 0.44551697 0.69043121 0.27653404]\n",
      " [0.00211953 0.60392345 0.45334136 0.50352247 0.24564242 0.09382394\n",
      "  0.65735672 0.46022426 0.10612042 0.34991566]\n",
      " [0.57296628 0.37559898 0.35820991 0.41692739 0.21595639 0.24700703\n",
      "  0.04462172 0.16800504 0.69439278 0.09158086]\n",
      " [0.07319123 0.71422267 0.45456142 0.0298876  0.70331844 0.93340226\n",
      "  0.28569133 0.34070556 0.43367558 0.60374164]\n",
      " [0.74530826 0.68655635 0.73340086 0.23816029 0.00761798 0.68917587\n",
      "  0.6994448  0.20743419 0.50431903 0.62795333]\n",
      " [0.47352567 0.54505987 0.77740075 0.94182097 0.19741174 0.88807614\n",
      "  0.45017521 0.91677964 0.85921261 0.18470366]\n",
      " [0.88298597 0.5648713  0.47744336 0.90048189 0.50764164 0.96360822\n",
      "  0.39828105 0.58088046 0.97164245 0.57910461]\n",
      " [0.78572999 0.56558072 0.79049431 0.53802405 0.23463369 0.08901364\n",
      "  0.10222369 0.96557776 0.49328924 0.43642997]\n",
      " [0.07682117 0.14277047 0.18896161 0.15336866 0.89897785 0.09782101\n",
      "  0.55859521 0.07444594 0.36218595 0.57011568]\n",
      " [0.39026076 0.65543518 0.06521367 0.72288659 0.56985681 0.98815976\n",
      "  0.69559956 0.10075805 0.01324361 0.71868794]\n",
      " [0.02952003 0.58319162 0.59274253 0.85583358 0.26088882 0.89474221\n",
      "  0.95530975 0.94695354 0.23135913 0.60270839]\n",
      " [0.40855777 0.71843538 0.16802998 0.03047864 0.69004499 0.20789983\n",
      "  0.75884671 0.72793176 0.99253625 0.94817492]\n",
      " [0.35072182 0.72918192 0.15226604 0.33619046 0.07609993 0.83407897\n",
      "  0.04776795 0.56527009 0.90960712 0.07585064]\n",
      " [0.5290501  0.01008129 0.64882901 0.22126569 0.61520973 0.81695536\n",
      "  0.53695884 0.733211   0.88752027 0.00788119]\n",
      " [0.22731102 0.54604054 0.29055266 0.84745196 0.29799802 0.3508024\n",
      "  0.216795   0.08902345 0.66323459 0.66603769]\n",
      " [0.80038943 0.44101283 0.77833298 0.09929048 0.9745227  0.66020886\n",
      "  0.0153019  0.63967114 0.46931845 0.6333256 ]\n",
      " [0.19488112 0.44148727 0.00671551 0.87295769 0.8753802  0.5459778\n",
      "  0.84848557 0.88270808 0.11260644 0.17710465]\n",
      " [0.66368774 0.53228896 0.82681826 0.39701476 0.69317779 0.51922324\n",
      "  0.21315659 0.64596941 0.62974374 0.64539423]\n",
      " [0.89167741 0.99692998 0.52780148 0.67975241 0.47356396 0.78517386\n",
      "  0.57068714 0.41421759 0.88228429 0.84620294]\n",
      " [0.92327744 0.62291461 0.43091395 0.15886688 0.73306087 0.26156584\n",
      "  0.2672241  0.30086171 0.45023179 0.72310352]\n",
      " [0.97361861 0.42289912 0.00726581 0.95097019 0.97008374 0.28127039\n",
      "  0.30036004 0.24738492 0.93436333 0.41474709]\n",
      " [0.28961102 0.15760165 0.9626665  0.76044702 0.81680994 0.64645706\n",
      "  0.84910256 0.18141883 0.42257451 0.53114599]\n",
      " [0.20817531 0.27678833 0.37927422 0.18284921 0.62549992 0.2583754\n",
      "  0.67737201 0.11561284 0.77417344 0.25913584]\n",
      " [0.17099172 0.55892222 0.01480987 0.20732437 0.72116259 0.8910282\n",
      "  0.97712296 0.96562769 0.45885025 0.74131415]\n",
      " [0.72186163 0.29273133 0.87111394 0.3745313  0.00631706 0.5011808\n",
      "  0.94477101 0.40611465 0.33149087 0.60290498]\n",
      " [0.21097912 0.50242565 0.67066452 0.86313574 0.689935   0.53174977\n",
      "  0.58882744 0.59567307 0.15952164 0.44127728]\n",
      " [0.26355523 0.40649525 0.53464674 0.32360668 0.00332515 0.46025122\n",
      "  0.69434581 0.83648945 0.05277225 0.7952689 ]\n",
      " [0.20823345 0.31191052 0.89476456 0.53523098 0.61600663 0.5967759\n",
      "  0.56809584 0.7320516  0.4456937  0.09358186]\n",
      " [0.78656821 0.10096787 0.79593356 0.57228703 0.89420157 0.78337694\n",
      "  0.44079598 0.57162323 0.74011464 0.72729444]\n",
      " [0.60081489 0.66689377 0.28099042 0.19844061 0.58566302 0.71345635\n",
      "  0.15429288 0.6749036  0.89700547 0.78018202]\n",
      " [0.02258642 0.95272588 0.88837014 0.33846135 0.64088132 0.97685732\n",
      "  0.78712998 0.88555573 0.07153178 0.37609287]\n",
      " [0.58981806 0.77491151 0.43972543 0.89309934 0.97814369 0.55829481\n",
      "  0.3236201  0.43769778 0.09682622 0.71614325]\n",
      " [0.8640711  0.51999633 0.02518688 0.42250633 0.70707173 0.58747076\n",
      "  0.42932487 0.40468532 0.53411684 0.48920648]\n",
      " [0.60414217 0.92803112 0.01727751 0.9388057  0.36702195 0.64562414\n",
      "  0.76543049 0.91349979 0.23270983 0.35693334]\n",
      " [0.19383563 0.39548466 0.43039881 0.74796439 0.9547498  0.02069887\n",
      "  0.04030657 0.2150394  0.40728482 0.51904215]\n",
      " [0.05329685 0.97863279 0.59108784 0.62616804 0.24143476 0.93343415\n",
      "  0.05111202 0.15371001 0.41226819 0.88939555]\n",
      " [0.34726266 0.40012586 0.63587255 0.33071294 0.36448499 0.1775986\n",
      "  0.84776761 0.53635407 0.46110463 0.70024301]\n",
      " [0.1425803  0.19705379 0.64207504 0.65184054 0.12176733 0.37762781\n",
      "  0.02968088 0.41454983 0.56978992 0.81562974]\n",
      " [0.28718795 0.73017204 0.24223345 0.14044633 0.73359394 0.07279684\n",
      "  0.99270611 0.16890026 0.72435611 0.78643374]\n",
      " [0.42697219 0.07172359 0.84666538 0.65675922 0.31234432 0.51300913\n",
      "  0.40461426 0.47239112 0.5316046  0.79777467]\n",
      " [0.54582907 0.99174054 0.70909592 0.91190289 0.95018073 0.85080003\n",
      "  0.74871018 0.34639945 0.34174116 0.75695582]\n",
      " [0.08010962 0.99169429 0.97022113 0.60259844 0.36873697 0.41010108\n",
      "  0.44970159 0.13165182 0.26433001 0.9351115 ]\n",
      " [0.65662807 0.51075153 0.88258582 0.14832754 0.04681302 0.35600176\n",
      "  0.88348236 0.57943039 0.26800315 0.78444332]\n",
      " [0.005098   0.42249638 0.76414994 0.52353522 0.95236462 0.03594424\n",
      "  0.19550264 0.92007535 0.68200927 0.54985698]\n",
      " [0.86412338 0.8142978  0.39925349 0.72166669 0.13660366 0.50124814\n",
      "  0.34052676 0.90911416 0.83431326 0.50464203]\n",
      " [0.08375443 0.2871702  0.94491741 0.99974507 0.57169026 0.50053497\n",
      "  0.3866081  0.82340225 0.97279231 0.87336216]\n",
      " [0.83657508 0.2887247  0.41164172 0.49979094 0.69091752 0.67815253\n",
      "  0.47262095 0.29393941 0.84240693 0.34546571]\n",
      " [0.14558597 0.92685006 0.36623733 0.46153417 0.05586344 0.97741168\n",
      "  0.69583426 0.81897513 0.96738142 0.69368706]\n",
      " [0.28823596 0.00540063 0.02555343 0.99033094 0.02353714 0.31994658\n",
      "  0.5768832  0.76684613 0.39426873 0.35823074]\n",
      " [0.62094096 0.28676813 0.57425021 0.90843343 0.05449342 0.74443653\n",
      "  0.6509528  0.61433395 0.60833313 0.73676807]\n",
      " [0.5225858  0.76166651 0.33104609 0.27727754 0.08629041 0.23536976\n",
      "  0.51997324 0.74467874 0.84808904 0.98232614]\n",
      " [0.38260677 0.37601432 0.02200435 0.71281786 0.85675893 0.85487384\n",
      "  0.77687049 0.57884694 0.55345986 0.12018388]\n",
      " [0.50138782 0.74629981 0.58648664 0.7470696  0.69222983 0.18397116\n",
      "  0.8693318  0.82512299 0.24832597 0.270617  ]\n",
      " [0.08792281 0.2093735  0.43632246 0.59740387 0.73254042 0.16359024\n",
      "  0.00853229 0.79625803 0.65657141 0.78396309]\n",
      " [0.88664762 0.5635014  0.22392503 0.82440255 0.59067609 0.77838116\n",
      "  0.39501267 0.6918006  0.38596982 0.71860692]\n",
      " [0.27076311 0.82151715 0.69775491 0.25548454 0.37733056 0.58884531\n",
      "  0.23605432 0.85026933 0.41440613 0.70635892]\n",
      " [0.03876813 0.3009211  0.23651704 0.90967117 0.83968763 0.11933298\n",
      "  0.89140826 0.18238873 0.61935264 0.99602621]\n",
      " [0.41092628 0.22082206 0.53717711 0.34957773 0.06521486 0.26568932\n",
      "  0.2892624  0.97125246 0.18103965 0.30172723]\n",
      " [0.15328903 0.2632953  0.61830226 0.87504977 0.45988393 0.93773249\n",
      "  0.65546689 0.24384929 0.29780153 0.00310454]\n",
      " [0.95936847 0.13269944 0.4539016  0.83773386 0.71192294 0.32976246\n",
      "  0.70265451 0.39033348 0.53750494 0.13105996]\n",
      " [0.74423624 0.67810761 0.73060361 0.6567303  0.19443135 0.20973526\n",
      "  0.57624431 0.50082827 0.35948702 0.25230396]]\n"
     ]
    }
   ],
   "source": [
    "x1 = np.random.rand(100,10)\n",
    "\n",
    "print(x1.shape)\n",
    "print(x1)"
   ]
  },
  {
   "cell_type": "markdown",
   "id": "atmospheric-dylan",
   "metadata": {},
   "source": [
    "# 2. 행렬 x1에서 행(20-70번째), 열(1-6) 까지만 잘라내세요."
   ]
  },
  {
   "cell_type": "code",
   "execution_count": 3,
   "id": "certain-company",
   "metadata": {},
   "outputs": [
    {
     "name": "stdout",
     "output_type": "stream",
     "text": [
      "(50, 5)\n",
      "[[0.55937692 0.09512295 0.72295907 0.35004103 0.02720786]\n",
      " [0.20102273 0.59585507 0.73851713 0.306269   0.81821595]\n",
      " [0.16759587 0.43552721 0.57802037 0.69638439 0.45545516]\n",
      " [0.34523547 0.15632329 0.45615251 0.69108984 0.57807423]\n",
      " [0.08438101 0.18899889 0.04446918 0.10107481 0.63178763]\n",
      " [0.61463743 0.76986178 0.46822861 0.30834773 0.34119054]\n",
      " [0.58291928 0.72399496 0.79089289 0.64223086 0.27460046]\n",
      " [0.79971235 0.11195463 0.25070041 0.92749278 0.55348988]\n",
      " [0.9733201  0.07471909 0.95039418 0.4043765  0.68680019]\n",
      " [0.61589647 0.60431957 0.61782991 0.70108163 0.04243069]\n",
      " [0.09552545 0.71210986 0.05834623 0.71188766 0.82175408]\n",
      " [0.70550946 0.71487769 0.37199476 0.64280892 0.90079641]\n",
      " [0.77036216 0.37818364 0.66120152 0.10517987 0.27922487]\n",
      " [0.12799686 0.9556036  0.91825886 0.74215335 0.27961107]\n",
      " [0.48699729 0.21764388 0.7920429  0.58402457 0.88327181]\n",
      " [0.03774471 0.13017244 0.6212975  0.75348576 0.82232962]\n",
      " [0.88559532 0.36704846 0.07249724 0.57204307 0.91353525]\n",
      " [0.35313236 0.54303021 0.27986033 0.11306884 0.36300042]\n",
      " [0.73539948 0.31967385 0.55778326 0.55859928 0.92114086]\n",
      " [0.42415468 0.32343083 0.02126196 0.805835   0.60842095]\n",
      " [0.60392345 0.45334136 0.50352247 0.24564242 0.09382394]\n",
      " [0.37559898 0.35820991 0.41692739 0.21595639 0.24700703]\n",
      " [0.71422267 0.45456142 0.0298876  0.70331844 0.93340226]\n",
      " [0.68655635 0.73340086 0.23816029 0.00761798 0.68917587]\n",
      " [0.54505987 0.77740075 0.94182097 0.19741174 0.88807614]\n",
      " [0.5648713  0.47744336 0.90048189 0.50764164 0.96360822]\n",
      " [0.56558072 0.79049431 0.53802405 0.23463369 0.08901364]\n",
      " [0.14277047 0.18896161 0.15336866 0.89897785 0.09782101]\n",
      " [0.65543518 0.06521367 0.72288659 0.56985681 0.98815976]\n",
      " [0.58319162 0.59274253 0.85583358 0.26088882 0.89474221]\n",
      " [0.71843538 0.16802998 0.03047864 0.69004499 0.20789983]\n",
      " [0.72918192 0.15226604 0.33619046 0.07609993 0.83407897]\n",
      " [0.01008129 0.64882901 0.22126569 0.61520973 0.81695536]\n",
      " [0.54604054 0.29055266 0.84745196 0.29799802 0.3508024 ]\n",
      " [0.44101283 0.77833298 0.09929048 0.9745227  0.66020886]\n",
      " [0.44148727 0.00671551 0.87295769 0.8753802  0.5459778 ]\n",
      " [0.53228896 0.82681826 0.39701476 0.69317779 0.51922324]\n",
      " [0.99692998 0.52780148 0.67975241 0.47356396 0.78517386]\n",
      " [0.62291461 0.43091395 0.15886688 0.73306087 0.26156584]\n",
      " [0.42289912 0.00726581 0.95097019 0.97008374 0.28127039]\n",
      " [0.15760165 0.9626665  0.76044702 0.81680994 0.64645706]\n",
      " [0.27678833 0.37927422 0.18284921 0.62549992 0.2583754 ]\n",
      " [0.55892222 0.01480987 0.20732437 0.72116259 0.8910282 ]\n",
      " [0.29273133 0.87111394 0.3745313  0.00631706 0.5011808 ]\n",
      " [0.50242565 0.67066452 0.86313574 0.689935   0.53174977]\n",
      " [0.40649525 0.53464674 0.32360668 0.00332515 0.46025122]\n",
      " [0.31191052 0.89476456 0.53523098 0.61600663 0.5967759 ]\n",
      " [0.10096787 0.79593356 0.57228703 0.89420157 0.78337694]\n",
      " [0.66689377 0.28099042 0.19844061 0.58566302 0.71345635]\n",
      " [0.95272588 0.88837014 0.33846135 0.64088132 0.97685732]]\n"
     ]
    }
   ],
   "source": [
    "x1 = x1[20:70, 1:6]\n",
    "\n",
    "print(x1.shape)\n",
    "print(x1)"
   ]
  },
  {
   "cell_type": "markdown",
   "id": "external-purchase",
   "metadata": {},
   "source": [
    "# 3. 잘라낸 행렬과 내적곱을 계산할 행렬 x2 = (?, 5)를 만드세요."
   ]
  },
  {
   "cell_type": "markdown",
   "id": "entitled-volunteer",
   "metadata": {},
   "source": [
    "### x2의 값은 내적곱을 계산할 수 있는 알맞은 값을 찾으세요"
   ]
  },
  {
   "cell_type": "code",
   "execution_count": 8,
   "id": "specific-stake",
   "metadata": {},
   "outputs": [
    {
     "data": {
      "text/plain": [
       "array([[-0.46825675, -1.81625588,  2.48376318, -0.6726499 ,  0.01147844],\n",
       "       [ 0.93972075,  0.86328171,  0.41791044,  0.80786334,  0.98983716],\n",
       "       [ 0.73125394, -0.49260612, -0.26432732, -0.36993143, -1.11483682],\n",
       "       [-1.367132  ,  1.71680226,  0.03903453, -0.06646538, -1.57341247],\n",
       "       [-1.44422701, -0.89395434,  0.0850921 , -0.9817744 ,  0.99484583]])"
      ]
     },
     "execution_count": 8,
     "metadata": {},
     "output_type": "execute_result"
    }
   ],
   "source": [
    "#(50, 5) * (?, 5)\n",
    "#(50, 5) * (5, 5) = (50, 5)\n",
    "\n",
    "x2 = np.random.randn(5,5)\n",
    "\n",
    "x2"
   ]
  },
  {
   "cell_type": "markdown",
   "id": "detailed-exemption",
   "metadata": {},
   "source": [
    "# 4. x1과 x2을 서로 내적곱 y를 구하세요. "
   ]
  },
  {
   "cell_type": "code",
   "execution_count": 5,
   "id": "british-vehicle",
   "metadata": {},
   "outputs": [
    {
     "name": "stdout",
     "output_type": "stream",
     "text": [
      "(50, 5)\n",
      "[[ 1.27437844e+00  1.65262947e+00 -2.89571401e-01  3.41900156e-01\n",
      "   5.09169658e-01]\n",
      " [ 1.49192897e+00  6.16196789e-01 -3.27983230e-01 -1.08226173e-02\n",
      "   2.78478158e+00]\n",
      " [ 1.78473358e+00  9.19283153e-01 -3.39758269e-01  8.50641380e-01\n",
      "   2.47488191e+00]\n",
      " [ 2.20395023e+00  5.29565073e-01 -8.51024465e-01  5.21451657e-01\n",
      "   1.67465270e+00]\n",
      " [ 7.65790554e-01 -6.58640011e-01 -4.79086326e-01 -4.07866949e-01\n",
      "   1.07673734e+00]\n",
      " [ 4.54917274e-01  7.56755430e-01  2.03519513e-01 -1.93939879e-01\n",
      "   1.87551283e+00]\n",
      " [ 1.32637221e+00  1.62790652e+00  5.90358016e-02  5.86832189e-01\n",
      "   2.43881649e+00]\n",
      " [ 2.50248979e+00  3.17459803e-01 -1.15517573e+00  3.58322248e-01\n",
      "   1.06088562e+00]\n",
      " [ 2.48199064e+00  1.34423005e+00 -1.13906069e+00 -3.84519262e-01\n",
      "   8.35396097e-01]\n",
      " [ 1.13870912e+00  1.60502430e+00  1.06688820e-01  7.46824604e-01\n",
      "   1.83843691e+00]\n",
      " [ 1.39641129e+00 -5.85249774e-01 -3.51642113e-01  3.76505825e-01\n",
      "   3.09210150e+00]\n",
      " [ 1.73445248e+00  1.39749272e-03 -6.10059480e-01 -2.41480861e-01\n",
      "   2.53504188e+00]\n",
      " [ 7.42916048e-01  1.14106767e+00 -1.55898105e-01 -5.01006818e-01\n",
      "   7.10036800e-01]\n",
      " [ 1.27218808e+00  1.86305645e+00  4.39271499e-01  1.24731140e+00\n",
      "   3.76529670e+00]\n",
      " [ 2.64973997e+00  7.87113479e-01 -1.07901830e+00  1.40722927e-01\n",
      "   2.07156004e+00]\n",
      " [ 2.77805403e+00  5.27415756e-01 -1.04621663e+00  8.21318975e-01\n",
      "   2.49951135e+00]\n",
      " [ 1.82350526e+00 -6.34090679e-01 -1.06161447e+00 -6.78100625e-01\n",
      "   1.24833373e+00]\n",
      " [ 2.32563294e-01  2.18165659e-01  1.03181249e-01 -3.43879551e-01\n",
      "   1.38467091e+00]\n",
      " [ 2.31926145e+00  2.98703516e-01 -1.06900097e+00 -3.03090280e-01\n",
      "   1.75532632e+00]\n",
      " [ 1.81480386e+00 -3.12338138e-01 -7.64260222e-01  3.67314247e-01\n",
      "   1.71575267e+00]\n",
      " [ 4.90677952e-01  1.10330047e+00  1.06723160e-01 -5.26371583e-02\n",
      "   9.40566274e-01]\n",
      " [ 6.49193412e-01  6.82357542e-01 -6.11934943e-02 -3.16885297e-02\n",
      "   1.09836107e+00]\n",
      " [ 1.90391456e+00 -7.09336237e-01 -9.81347287e-01 -3.41967593e-01\n",
      "   1.80494938e+00]\n",
      " [ 1.95582086e-01 -2.73641372e-01 -5.83708920e-02 -1.13112725e+00\n",
      "   1.49237243e+00]\n",
      " [ 1.37578836e+00  9.44559060e-01 -2.50990846e-01 -4.86070600e-01\n",
      "   2.80349924e+00]\n",
      " [ 2.38031012e+00  8.90192852e-01 -8.40860033e-01 -7.92266934e-02\n",
      "   2.58092331e+00]\n",
      " [ 4.40153932e-02  1.18230614e+00  5.29920633e-01 -2.87838910e-02\n",
      "   1.69749618e+00]\n",
      " [ 1.61721316e+00  6.02339622e-01 -3.67490677e-01  1.27155343e+00\n",
      "   1.52753964e+00]\n",
      " [ 2.91126107e+00  5.25908730e-01 -1.41524172e+00 -1.59213506e-01\n",
      "   1.56059541e+00]\n",
      " [ 1.66463103e+00  7.89215330e-01 -5.20671833e-01 -4.63056714e-01\n",
      "   2.38356322e+00]\n",
      " [ 1.35879002e+00  2.07282239e-01 -6.00403233e-01  2.18639086e-01\n",
      "   4.58618186e-01]\n",
      " [ 1.37095942e+00 -2.51676151e-01 -9.39806716e-01 -1.09671206e+00\n",
      "   5.51676674e-01]\n",
      " [ 1.45056674e+00 -3.09947638e-01 -3.45193266e-01  3.99892662e-01\n",
      "   3.09156203e+00]\n",
      " [ 1.44278637e+00  1.46968405e+00 -3.47545029e-01  7.21265660e-02\n",
      "   1.29889384e+00]\n",
      " [ 1.64602492e+00 -1.27488866e-01 -3.65755477e-01  5.91908088e-01\n",
      "   2.95514448e+00]\n",
      " [ 3.09664986e+00  1.49430510e+00 -1.12462079e+00  9.65116300e-01\n",
      "   1.78270650e+00]\n",
      " [ 1.20300048e+00  5.43199563e-01 -6.47901925e-02  3.17274433e-01\n",
      "   2.69590298e+00]\n",
      " [ 1.86637204e+00  7.28017242e-01 -7.39494063e-01 -5.40114566e-01\n",
      "   1.69211026e+00]\n",
      " [ 1.26291021e+00  4.11294735e-01 -3.30040568e-01  3.91451518e-01\n",
      "   1.34468448e+00]\n",
      " [ 3.00511091e+00  2.02947604e+00 -9.03579922e-01  1.38149144e+00\n",
      "   1.72296827e+00]\n",
      " [ 1.70479390e+00  1.11243150e+00  3.96361923e-02  9.66129119e-01\n",
      "   4.06943424e+00]\n",
      " [ 1.12369599e+00  3.63512309e-01 -2.12888328e-01  5.84008396e-01\n",
      "   1.59077438e+00]\n",
      " [ 2.62201188e+00 -3.32762686e-01 -1.41607343e+00 -1.01465931e-02\n",
      "   1.23804444e+00]\n",
      " [-1.37448258e-01  1.88587477e-01  4.29192023e-01 -5.30303817e-01\n",
      "   2.23102930e+00]\n",
      " [ 1.86277491e+00  1.44884835e+00 -2.53421424e-01  5.80708955e-01\n",
      "   2.81770049e+00]\n",
      " [ 2.18999563e-01  1.40484326e-01  3.22886234e-02 -6.24057042e-01\n",
      "   1.29630761e+00]\n",
      " [ 1.18103999e+00  6.57293030e-01  5.42531472e-02  4.21420892e-01\n",
      "   3.23420057e+00]\n",
      " [ 2.04908351e+00  5.77780986e-01 -3.09914055e-01  9.49713946e-01\n",
      "   3.87688352e+00]\n",
      " [ 1.80933198e+00 -1.54339890e-01 -8.96609286e-01 -2.11837443e-01\n",
      "   1.28696623e+00]\n",
      " [ 1.58904026e+00 -1.20795893e-01 -5.65583561e-01 -5.77476725e-01\n",
      "   2.60489837e+00]]\n"
     ]
    }
   ],
   "source": [
    "y = np.dot(x1, x2)\n",
    "\n",
    "print(y.shape)\n",
    "print(y)"
   ]
  },
  {
   "cell_type": "markdown",
   "id": "particular-coordinate",
   "metadata": {},
   "source": [
    "# 5. y의 전치행렬을 구하세요"
   ]
  },
  {
   "cell_type": "code",
   "execution_count": 6,
   "id": "suited-wrapping",
   "metadata": {},
   "outputs": [
    {
     "name": "stdout",
     "output_type": "stream",
     "text": [
      "(5, 50)\n",
      "[[ 1.27437844e+00  1.49192897e+00  1.78473358e+00  2.20395023e+00\n",
      "   7.65790554e-01  4.54917274e-01  1.32637221e+00  2.50248979e+00\n",
      "   2.48199064e+00  1.13870912e+00  1.39641129e+00  1.73445248e+00\n",
      "   7.42916048e-01  1.27218808e+00  2.64973997e+00  2.77805403e+00\n",
      "   1.82350526e+00  2.32563294e-01  2.31926145e+00  1.81480386e+00\n",
      "   4.90677952e-01  6.49193412e-01  1.90391456e+00  1.95582086e-01\n",
      "   1.37578836e+00  2.38031012e+00  4.40153932e-02  1.61721316e+00\n",
      "   2.91126107e+00  1.66463103e+00  1.35879002e+00  1.37095942e+00\n",
      "   1.45056674e+00  1.44278637e+00  1.64602492e+00  3.09664986e+00\n",
      "   1.20300048e+00  1.86637204e+00  1.26291021e+00  3.00511091e+00\n",
      "   1.70479390e+00  1.12369599e+00  2.62201188e+00 -1.37448258e-01\n",
      "   1.86277491e+00  2.18999563e-01  1.18103999e+00  2.04908351e+00\n",
      "   1.80933198e+00  1.58904026e+00]\n",
      " [ 1.65262947e+00  6.16196789e-01  9.19283153e-01  5.29565073e-01\n",
      "  -6.58640011e-01  7.56755430e-01  1.62790652e+00  3.17459803e-01\n",
      "   1.34423005e+00  1.60502430e+00 -5.85249774e-01  1.39749272e-03\n",
      "   1.14106767e+00  1.86305645e+00  7.87113479e-01  5.27415756e-01\n",
      "  -6.34090679e-01  2.18165659e-01  2.98703516e-01 -3.12338138e-01\n",
      "   1.10330047e+00  6.82357542e-01 -7.09336237e-01 -2.73641372e-01\n",
      "   9.44559060e-01  8.90192852e-01  1.18230614e+00  6.02339622e-01\n",
      "   5.25908730e-01  7.89215330e-01  2.07282239e-01 -2.51676151e-01\n",
      "  -3.09947638e-01  1.46968405e+00 -1.27488866e-01  1.49430510e+00\n",
      "   5.43199563e-01  7.28017242e-01  4.11294735e-01  2.02947604e+00\n",
      "   1.11243150e+00  3.63512309e-01 -3.32762686e-01  1.88587477e-01\n",
      "   1.44884835e+00  1.40484326e-01  6.57293030e-01  5.77780986e-01\n",
      "  -1.54339890e-01 -1.20795893e-01]\n",
      " [-2.89571401e-01 -3.27983230e-01 -3.39758269e-01 -8.51024465e-01\n",
      "  -4.79086326e-01  2.03519513e-01  5.90358016e-02 -1.15517573e+00\n",
      "  -1.13906069e+00  1.06688820e-01 -3.51642113e-01 -6.10059480e-01\n",
      "  -1.55898105e-01  4.39271499e-01 -1.07901830e+00 -1.04621663e+00\n",
      "  -1.06161447e+00  1.03181249e-01 -1.06900097e+00 -7.64260222e-01\n",
      "   1.06723160e-01 -6.11934943e-02 -9.81347287e-01 -5.83708920e-02\n",
      "  -2.50990846e-01 -8.40860033e-01  5.29920633e-01 -3.67490677e-01\n",
      "  -1.41524172e+00 -5.20671833e-01 -6.00403233e-01 -9.39806716e-01\n",
      "  -3.45193266e-01 -3.47545029e-01 -3.65755477e-01 -1.12462079e+00\n",
      "  -6.47901925e-02 -7.39494063e-01 -3.30040568e-01 -9.03579922e-01\n",
      "   3.96361923e-02 -2.12888328e-01 -1.41607343e+00  4.29192023e-01\n",
      "  -2.53421424e-01  3.22886234e-02  5.42531472e-02 -3.09914055e-01\n",
      "  -8.96609286e-01 -5.65583561e-01]\n",
      " [ 3.41900156e-01 -1.08226173e-02  8.50641380e-01  5.21451657e-01\n",
      "  -4.07866949e-01 -1.93939879e-01  5.86832189e-01  3.58322248e-01\n",
      "  -3.84519262e-01  7.46824604e-01  3.76505825e-01 -2.41480861e-01\n",
      "  -5.01006818e-01  1.24731140e+00  1.40722927e-01  8.21318975e-01\n",
      "  -6.78100625e-01 -3.43879551e-01 -3.03090280e-01  3.67314247e-01\n",
      "  -5.26371583e-02 -3.16885297e-02 -3.41967593e-01 -1.13112725e+00\n",
      "  -4.86070600e-01 -7.92266934e-02 -2.87838910e-02  1.27155343e+00\n",
      "  -1.59213506e-01 -4.63056714e-01  2.18639086e-01 -1.09671206e+00\n",
      "   3.99892662e-01  7.21265660e-02  5.91908088e-01  9.65116300e-01\n",
      "   3.17274433e-01 -5.40114566e-01  3.91451518e-01  1.38149144e+00\n",
      "   9.66129119e-01  5.84008396e-01 -1.01465931e-02 -5.30303817e-01\n",
      "   5.80708955e-01 -6.24057042e-01  4.21420892e-01  9.49713946e-01\n",
      "  -2.11837443e-01 -5.77476725e-01]\n",
      " [ 5.09169658e-01  2.78478158e+00  2.47488191e+00  1.67465270e+00\n",
      "   1.07673734e+00  1.87551283e+00  2.43881649e+00  1.06088562e+00\n",
      "   8.35396097e-01  1.83843691e+00  3.09210150e+00  2.53504188e+00\n",
      "   7.10036800e-01  3.76529670e+00  2.07156004e+00  2.49951135e+00\n",
      "   1.24833373e+00  1.38467091e+00  1.75532632e+00  1.71575267e+00\n",
      "   9.40566274e-01  1.09836107e+00  1.80494938e+00  1.49237243e+00\n",
      "   2.80349924e+00  2.58092331e+00  1.69749618e+00  1.52753964e+00\n",
      "   1.56059541e+00  2.38356322e+00  4.58618186e-01  5.51676674e-01\n",
      "   3.09156203e+00  1.29889384e+00  2.95514448e+00  1.78270650e+00\n",
      "   2.69590298e+00  1.69211026e+00  1.34468448e+00  1.72296827e+00\n",
      "   4.06943424e+00  1.59077438e+00  1.23804444e+00  2.23102930e+00\n",
      "   2.81770049e+00  1.29630761e+00  3.23420057e+00  3.87688352e+00\n",
      "   1.28696623e+00  2.60489837e+00]]\n"
     ]
    }
   ],
   "source": [
    "yT = (y.T)\n",
    "\n",
    "print(yT.shape)\n",
    "print(yT)"
   ]
  },
  {
   "cell_type": "code",
   "execution_count": null,
   "id": "seeing-christianity",
   "metadata": {},
   "outputs": [],
   "source": []
  }
 ],
 "metadata": {
  "kernelspec": {
   "display_name": "BERT_env",
   "language": "python",
   "name": "bert_env"
  },
  "language_info": {
   "codemirror_mode": {
    "name": "ipython",
    "version": 3
   },
   "file_extension": ".py",
   "mimetype": "text/x-python",
   "name": "python",
   "nbconvert_exporter": "python",
   "pygments_lexer": "ipython3",
   "version": "3.6.9"
  }
 },
 "nbformat": 4,
 "nbformat_minor": 5
}
